5 5
0.6897  -0.0908 0.0182  0.0363  0.1271  4.2108
0.0944  1.0799  0.0000  -0.0726 0.0726  4.6174
0.0545  0.0000  0.8676  -0.2541 0.1452  -5.8770
-0.1089 0.2287  0.0000  0.8531  -0.0363 2.7842
0.4538  0.0000  0.1634  0.0182  1.0164  0.2178

5 5
1 0.019025 0.0173263 0.0603024 -0.155257 2.40173
0 1 0.053861 0.00757216 -0.0194956 3.30137
0 0 1 0.32233 -0.0370765 3.21391
0 0 0 1 -0.0176173 -5.92959
0 0 0 0 1 -3.9995

5 5
0.4974  0.0000 -0.1299  0.0914 0.1523    1.5875
-0.0305  0.3248  0.0000 -0.0619 0.0203   -1.7590
0.0102 -0.0914  0.5887  0.0112 0.0355    1.4139
0.0305  0.0000 -0.0741  0.5887 0.0000    1.7702
0.0203 -0.0305  0.1472 -0.0122 0.4263   -2.0767

5 5
0.3857   -0.0508   0.0102   0.0203   0.0711 0.7613
0.0528    0.6039   0.0000   -0.0406 0.0406 -0.8709
0.0305    0.0000   0.4852    -0.1421   0.0812 3.2074
-0.0609   0.1279   0.0000     0.4771    -0.0203 -1.8290
0.2538    0.0000   0.0914      0.0102     0.5684 2.9537

